2011,10,23,0,30,00:28,280,2.2,2.8,3.5,7.1
2011,10,23,0,35,00:28,280,2.2,2.8,3.5,7.1
2011,10,23,0,40,00:28,280,2.2,2.8,3.5,7.1
2011,10,23,0,45,00:28,280,2.2,2.8,3.5,7.1
2011,10,23,0,50,00:28,280,2.2,2.8,3.5,7.1
2011,10,23,0,55,00:28,280,2.2,2.8,3.5,7.1
2011,10,23,1,0,00:58,280,1.6,2.2,2.9,7.0
2011,10,23,1,5,00:58,280,1.6,2.2,2.9,7.0
2011,10,23,1,10,00:58,280,1.6,2.2,2.9,7.0
2011,10,23,1,15,00:58,280,1.6,2.2,2.9,7.0
2011,10,23,1,20,00:58,280,1.6,2.2,2.9,7.0
2011,10,23,1,25,00:58,280,1.6,2.2,2.9,7.0
2011,10,23,1,30,01:29,292,1.6,2.4,3.0,6.7
2011,10,23,1,35,01:34,289,1.3,1.9,2.4,7.1
2011,10,23,1,40,01:34,289,1.3,1.9,2.4,7.1
2011,10,23,1,45,01:34,289,1.3,1.9,2.4,7.1
2011,10,23,1,50,01:34,289,1.3,1.9,2.4,7.1
2011,10,23,1,55,01:34,289,1.3,1.9,2.4,7.1
2011,10,23,2,0,01:34,289,1.3,1.9,2.4,7.1
2011,10,23,2,5,02:05,277,1.6,2.2,2.9,7.0
2011,10,23,2,10,02:05,277,1.6,2.2,2.9,7.0
2011,10,23,2,15,02:05,277,1.6,2.2,2.9,7.0
2011,10,23,2,20,02:05,277,1.6,2.2,2.9,7.0
2011,10,23,2,25,02:05,277,1.6,2.2,2.9,7.0
2011,10,23,2,30,02:05,277,1.6,2.2,2.9,7.0
2011,10,23,2,35,02:05,277,1.6,2.2,2.9,7.0
2011,10,23,2,40,02:35,298,0.9,1.3,1.6,6.7
2011,10,23,2,45,02:35,298,0.9,1.3,1.6,6.7
2011,10,23,2,50,02:35,298,0.9,1.3,1.6,6.7
2011,10,23,2,55,02:35,298,0.9,1.3,1.6,6.7
2011,10,23,3,0,02:35,298,0.9,1.3,1.6,6.7
2011,10,23,3,5,02:35,298,0.9,1.3,1.6,6.7
2011,10,23,3,10,03:05,295,1.4,1.7,2.2,6.1
2011,10,23,3,15,03:05,295,1.4,1.7,2.2,6.1
2011,10,23,3,20,03:05,295,1.4,1.7,2.2,6.1
2011,10,23,3,25,03:05,295,1.4,1.7,2.2,6.1
2011,10,23,3,30,03:05,295,1.4,1.7,2.2,6.1
2011,10,23,3,35,03:05,295,1.4,1.7,2.2,6.1
2011,10,23,3,40,03:35,295,0.4,1.1,1.6,5.8
2011,10,23,3,45,03:35,295,0.4,1.1,1.6,5.8
2011,10,23,3,50,03:35,295,0.4,1.1,1.6,5.8
2011,10,23,3,55,03:35,295,0.4,1.1,1.6,5.8
2011,10,23,4,0,03:35,295,0.4,1.1,1.6,5.8
2011,10,23,4,5,04:05,295,0.0,0.6,1.1,5.7
2011,10,23,4,10,04:05,295,0.0,0.6,1.1,5.7
2011,10,23,4,15,04:05,295,0.0,0.6,1.1,5.7
2011,10,23,4,20,04:05,295,0.0,0.6,1.1,5.7
2011,10,23,4,25,04:05,295,0.0,0.6,1.1,5.7
2011,10,23,4,30,04:05,295,0.0,0.6,1.1,5.7
2011,10,23,4,35,04:34,235,1.3,1.4,1.6,5.8
2011,10,23,4,40,04:34,235,1.3,1.4,1.6,5.8
2011,10,23,4,45,04:34,235,1.3,1.4,1.6,5.8
2011,10,23,4,50,04:34,235,1.3,1.4,1.6,5.8
2011,10,23,4,55,04:34,235,1.3,1.4,1.6,5.8
2011,10,23,5,0,04:34,235,1.3,1.4,1.6,5.8
2011,10,23,5,5,05:04,115,0.0,0.0,0.0,5.7
2011,10,23,5,10,05:04,115,0.0,0.0,0.0,5.7
2011,10,23,5,15,05:04,115,0.0,0.0,0.0,5.7
2011,10,23,5,20,05:04,115,0.0,0.0,0.0,5.7
2011,10,23,5,25,05:04,115,0.0,0.0,0.0,5.7
2011,10,23,5,30,05:04,115,0.0,0.0,0.0,5.7
2011,10,23,5,35,05:04,115,0.0,0.0,0.0,5.7
2011,10,23,5,40,05:35,295,0.8,1.0,1.2,4.8
2011,10,23,5,45,05:35,295,0.8,1.0,1.2,4.8
2011,10,23,5,50,05:35,295,0.8,1.0,1.2,4.8
2011,10,23,5,55,05:35,295,0.8,1.0,1.2,4.8
2011,10,23,6,0,05:35,295,0.8,1.0,1.2,4.8
2011,10,23,6,5,05:35,295,0.8,1.0,1.2,4.8
2011,10,23,6,10,06:05,115,0.0,0.0,0.0,4.7
2011,10,23,6,15,06:05,115,0.0,0.0,0.0,4.7
2011,10,23,6,20,06:05,115,0.0,0.0,0.0,4.7
2011,10,23,6,25,06:05,115,0.0,0.0,0.0,4.7
2011,10,23,6,30,06:05,115,0.0,0.0,0.0,4.7
2011,10,23,6,35,06:35,115,0.0,0.0,0.0,4.8
2011,10,23,6,40,06:35,115,0.0,0.0,0.0,4.8
2011,10,23,6,45,06:35,115,0.0,0.0,0.0,4.8
2011,10,23,6,50,06:35,115,0.0,0.0,0.0,4.8
2011,10,23,6,55,06:35,115,0.0,0.0,0.0,4.8
2011,10,23,7,0,06:35,115,0.0,0.0,0.0,4.8
2011,10,23,7,5,07:04,115,0.0,0.2,0.7,5.0
2011,10,23,7,10,07:04,115,0.0,0.2,0.7,5.0
2011,10,23,7,15,07:04,115,0.0,0.2,0.7,5.0
2011,10,23,7,20,07:04,115,0.0,0.2,0.7,5.0
2011,10,23,7,25,07:04,115,0.0,0.2,0.7,5.0
2011,10,23,7,30,07:04,115,0.0,0.2,0.7,5.0
2011,10,23,7,35,07:34,115,0.0,0.0,0.0,4.7
2011,10,23,7,40,07:34,115,0.0,0.0,0.0,4.7
2011,10,23,7,45,07:34,115,0.0,0.0,0.0,4.7
2011,10,23,7,50,07:34,115,0.0,0.0,0.0,4.7
2011,10,23,7,55,07:34,115,0.0,0.0,0.0,4.7
2011,10,23,8,0,07:34,115,0.0,0.0,0.0,4.7
2011,10,23,8,5,08:04,115,0.0,0.0,0.0,5.0
2011,10,23,8,10,08:04,115,0.0,0.0,0.0,5.0
2011,10,23,8,15,08:04,115,0.0,0.0,0.0,5.0
2011,10,23,8,20,08:19,115,0.0,0.0,0.0,4.7
2011,10,23,8,25,08:19,115,0.0,0.0,0.0,4.7
2011,10,23,8,40,08:35,115,0.0,0.0,0.0,5.0
2011,10,23,8,30,08:19,115,0.0,0.0,0.0,4.7
2011,10,23,8,35,08:35,115,0.0,0.0,0.0,5.0
2011,10,23,8,45,08:35,115,0.0,0.0,0.0,5.0
2011,10,23,8,50,08:35,115,0.0,0.0,0.0,5.0
2011,10,23,8,55,08:35,115,0.0,0.0,0.0,5.0
2011,10,23,9,0,08:35,115,0.0,0.0,0.0,5.0
2011,10,23,9,5,08:35,115,0.0,0.0,0.0,5.0
2011,10,23,9,10,09:05,325,1.0,1.2,1.6,5.0
2011,10,23,9,15,09:05,325,1.0,1.2,1.6,5.0
2011,10,23,9,20,09:05,325,1.0,1.2,1.6,5.0
2011,10,23,9,25,09:05,325,1.0,1.2,1.6,5.0
2011,10,23,9,30,09:05,325,1.0,1.2,1.6,5.0
2011,10,23,9,35,09:05,325,1.0,1.2,1.6,5.0
2011,10,23,9,40,09:35,325,0.5,1.0,1.5,4.7
2011,10,23,9,45,09:35,325,0.5,1.0,1.5,4.7
2011,10,23,9,50,09:49,325,1.1,1.4,1.7,4.8
2011,10,23,9,55,09:49,325,1.1,1.4,1.7,4.8
2011,10,23,10,0,09:49,325,1.1,1.4,1.7,4.8
2011,10,23,10,5,09:49,325,1.1,1.4,1.7,4.8
2011,10,23,10,10,10:05,325,0.9,1.3,1.8,4.9
2011,10,23,10,15,10:05,325,0.9,1.3,1.8,4.9
2011,10,23,10,20,10:20,115,0.0,0.0,0.0,5.0
2011,10,23,10,25,10:20,115,0.0,0.0,0.0,5.0
2011,10,23,10,30,10:20,115,0.0,0.0,0.0,5.0
2011,10,23,10,35,10:34,115,0.0,0.0,0.0,7.0
2011,10,23,10,40,10:34,115,0.0,0.0,0.0,7.0
2011,10,23,10,45,10:34,115,0.0,0.0,0.0,7.0
2011,10,23,10,50,10:34,115,0.0,0.0,0.0,7.0
2011,10,23,10,55,10:34,115,0.0,0.0,0.0,7.0
2011,10,23,11,0,10:34,115,0.0,0.0,0.0,7.0
2011,10,23,11,5,10:34,115,0.0,0.0,0.0,7.0
2011,10,23,11,10,11:05,115,0.0,0.0,0.0,6.9
2011,10,23,11,15,11:05,115,0.0,0.0,0.0,6.9
2011,10,23,11,20,11:20,115,0.0,0.0,0.0,6.7
2011,10,23,11,25,11:20,115,0.0,0.0,0.0,6.7
2011,10,23,11,30,11:20,115,0.0,0.0,0.0,6.7
2011,10,23,11,35,11:34,115,0.0,0.0,0.0,6.8
2011,10,23,11,40,11:34,115,0.0,0.0,0.0,6.8
2011,10,23,11,45,11:34,115,0.0,0.0,0.0,6.8
2011,10,23,11,50,11:50,115,0.0,0.0,0.0,6.9
2011,10,23,11,55,11:50,115,0.0,0.0,0.0,6.9
2011,10,23,12,0,11:50,115,0.0,0.0,0.0,6.9
2011,10,23,12,5,12:04,115,0.0,0.0,0.0,7.0
2011,10,23,12,10,12:04,115,0.0,0.0,0.0,7.0
2011,10,23,12,15,12:04,115,0.0,0.0,0.0,7.0
2011,10,23,12,20,12:20,115,0.0,0.0,0.0,7.1
2011,10,23,12,25,12:20,115,0.0,0.0,0.0,7.1
2011,10,23,12,30,12:20,115,0.0,0.0,0.0,7.1
2011,10,23,12,35,12:35,115,0.0,0.0,0.0,6.9
2011,10,23,12,40,12:35,115,0.0,0.0,0.0,6.9
2011,10,23,12,45,12:35,115,0.0,0.0,0.0,6.9
2011,10,23,12,50,12:50,115,0.0,0.0,0.0,7.0
2011,10,23,12,55,12:50,115,0.0,0.0,0.0,7.0
2011,10,23,13,0,12:50,115,0.0,0.0,0.0,7.0
2011,10,23,13,5,12:50,115,0.0,0.0,0.0,7.0
2011,10,23,13,10,13:05,115,0.0,0.0,0.0,7.0
2011,10,23,13,15,13:05,115,0.0,0.0,0.0,7.0
2011,10,23,13,20,13:19,115,0.0,0.0,0.0,8.0
2011,10,23,13,25,13:19,115,0.0,0.0,0.0,8.0
2011,10,23,13,30,13:19,115,0.0,0.0,0.0,8.0
2011,10,23,13,35,13:34,115,0.0,0.0,0.0,7.8
2011,10,23,13,40,13:34,115,0.0,0.0,0.0,7.8
2011,10,23,13,45,13:34,115,0.0,0.0,0.0,7.8
2011,10,23,13,50,13:49,115,0.0,0.0,0.0,8.0
2011,10,23,13,55,13:49,115,0.0,0.0,0.0,8.0
2011,10,23,14,0,13:49,115,0.0,0.0,0.0,8.0
2011,10,23,14,5,14:04,115,0.0,0.0,0.0,8.0
2011,10,23,14,10,14:04,115,0.0,0.0,0.0,8.0
2011,10,23,14,15,14:04,115,0.0,0.0,0.0,8.0
2011,10,23,14,20,14:19,115,0.0,0.0,0.0,8.0
2011,10,23,14,25,14:19,115,0.0,0.0,0.0,8.0
2011,10,23,14,30,14:19,115,0.0,0.0,0.0,8.0
2011,10,23,14,35,14:34,115,0.0,0.0,0.0,7.8
2011,10,23,14,40,14:34,115,0.0,0.0,0.0,7.8
2011,10,23,14,45,14:34,115,0.0,0.0,0.0,7.8
2011,10,23,14,50,14:49,115,0.0,0.0,0.0,7.9
2011,10,23,14,55,14:49,115,0.0,0.0,0.0,7.9
2011,10,23,15,0,14:49,115,0.0,0.0,0.0,7.9
2011,10,23,15,5,14:49,115,0.0,0.0,0.0,7.9
2011,10,23,15,10,14:49,115,0.0,0.0,0.0,7.9
2011,10,23,15,15,15:14,115,0.0,0.0,0.0,8.0
2011,10,23,15,20,15:19,115,0.0,0.0,0.0,8.0
2011,10,23,15,25,15:19,115,0.0,0.0,0.0,8.0
2011,10,23,15,30,15:19,115,0.0,0.0,0.0,8.0
2011,10,23,15,35,15:19,115,0.0,0.0,0.0,8.0
2011,10,23,15,40,15:35,115,0.0,0.0,0.0,7.7
2011,10,23,15,45,15:35,115,0.0,0.0,0.0,7.7
2011,10,23,15,50,15:49,205,0.0,0.4,1.5,7.7
2011,10,23,15,55,15:49,205,0.0,0.4,1.5,7.7
2011,10,23,16,0,15:49,205,0.0,0.4,1.5,7.7
2011,10,23,16,5,16:04,235,0.9,1.2,1.6,7.8
2011,10,23,16,10,16:04,235,0.9,1.2,1.6,7.8
2011,10,23,16,15,16:04,235,0.9,1.2,1.6,7.8
2011,10,23,16,20,16:19,205,1.0,1.2,1.5,7.8
2011,10,23,16,25,16:19,205,1.0,1.2,1.5,7.8
2011,10,23,16,30,16:19,205,1.0,1.2,1.5,7.8
2011,10,23,16,35,16:34,205,1.1,1.2,1.4,7.7
2011,10,23,16,40,16:34,205,1.1,1.2,1.4,7.7
2011,10,23,16,45,16:34,205,1.1,1.2,1.4,7.7
2011,10,23,16,50,16:49,205,1.2,1.3,1.5,7.7
2011,10,23,16,55,16:49,205,1.2,1.3,1.5,7.7
2011,10,23,17,0,16:49,205,1.2,1.3,1.5,7.7
2011,10,23,17,5,17:04,205,0.6,1.0,1.6,8.1
2011,10,23,17,10,17:04,205,0.6,1.0,1.6,8.1
2011,10,23,17,15,17:04,205,0.6,1.0,1.6,8.1
2011,10,23,17,20,17:19,205,0.5,0.8,1.1,8.1
2011,10,23,17,25,17:19,205,0.5,0.8,1.1,8.1
2011,10,23,17,30,17:19,205,0.5,0.8,1.1,8.1
2011,10,23,17,35,17:34,205,0.9,1.4,1.8,8.0
2011,10,23,17,40,17:34,205,0.9,1.4,1.8,8.0
2011,10,23,17,45,17:34,205,0.9,1.4,1.8,8.0
2011,10,23,17,50,17:49,115,0.0,0.0,0.0,8.0
2011,10,23,17,55,17:49,115,0.0,0.0,0.0,8.0
2011,10,23,18,0,17:49,115,0.0,0.0,0.0,8.0
2011,10,23,18,5,18:04,235,0.4,0.8,1.3,8.0
2011,10,23,18,10,18:04,235,0.4,0.8,1.3,8.0
2011,10,23,18,15,18:04,235,0.4,0.8,1.3,8.0
2011,10,23,18,20,18:19,115,0.0,0.0,0.0,8.1
2011,10,23,18,25,18:19,115,0.0,0.0,0.0,8.1
2011,10,23,18,30,18:19,115,0.0,0.0,0.0,8.1
2011,10,23,18,35,18:19,115,0.0,0.0,0.0,8.1
2011,10,23,18,40,18:35,115,0.0,0.0,0.0,8.1
2011,10,23,18,45,18:35,115,0.0,0.0,0.0,8.1
2011,10,23,18,50,18:49,115,0.0,0.0,0.0,8.1
2011,10,23,18,55,18:49,115,0.0,0.0,0.0,8.1
2011,10,23,19,0,18:49,115,0.0,0.0,0.0,8.1
2011,10,23,19,5,19:04,115,0.0,0.0,0.0,8.1
2011,10,23,19,10,19:04,115,0.0,0.0,0.0,8.1
2011,10,23,19,15,19:04,115,0.0,0.0,0.0,8.1
2011,10,23,19,20,19:19,115,0.0,0.0,0.0,7.7
2011,10,23,19,25,19:19,115,0.0,0.0,0.0,7.7
2011,10,23,19,30,19:19,115,0.0,0.0,0.0,7.7
2011,10,23,19,35,19:34,115,0.0,0.0,0.0,7.7
2011,10,23,19,40,19:34,115,0.0,0.0,0.0,7.7
2011,10,23,19,45,19:34,115,0.0,0.0,0.0,7.7
2011,10,23,19,50,19:49,115,0.0,0.0,0.0,7.7
2011,10,23,19,55,19:49,115,0.0,0.0,0.0,7.7
2011,10,23,20,0,19:49,115,0.0,0.0,0.0,7.7
2011,10,23,20,5,20:04,115,0.0,0.0,0.0,7.8
2011,10,23,20,10,20:04,115,0.0,0.0,0.0,7.8
2011,10,23,20,15,20:04,115,0.0,0.0,0.0,7.8
2011,10,23,20,20,20:19,115,0.0,0.0,0.0,7.8
2011,10,23,20,25,20:19,115,0.0,0.0,0.0,7.8
2011,10,23,20,30,20:19,115,0.0,0.0,0.0,7.8
2011,10,23,20,35,20:34,235,1.4,1.6,2.0,8.7
2011,10,23,20,40,20:34,235,1.4,1.6,2.0,8.7
2011,10,23,20,45,20:34,235,1.4,1.6,2.0,8.7
2011,10,23,20,50,20:49,235,1.9,2.3,2.6,8.9
2011,10,23,20,55,20:49,235,1.9,2.3,2.6,8.9
2011,10,23,21,0,20:49,235,1.9,2.3,2.6,8.9
2011,10,23,21,5,21:04,235,2.0,2.5,2.9,9.0
2011,10,23,21,10,21:04,235,2.0,2.5,2.9,9.0
2011,10,23,21,15,21:04,235,2.0,2.5,2.9,9.0
2011,10,23,21,20,21:19,238,2.4,2.7,3.2,8.7
2011,10,23,21,25,21:19,238,2.4,2.7,3.2,8.7
2011,10,23,21,30,21:19,238,2.4,2.7,3.2,8.7
2011,10,23,21,35,21:19,238,2.4,2.7,3.2,8.7
2011,10,23,21,40,21:35,247,3.2,3.8,4.3,9.1
2011,10,23,21,45,21:35,247,3.2,3.8,4.3,9.1
2011,10,23,21,50,21:49,253,2.7,3.9,4.8,9.7
2011,10,23,21,55,21:49,253,2.7,3.9,4.8,9.7
2011,10,23,22,0,21:49,253,2.7,3.9,4.8,9.7
2011,10,23,22,5,22:04,259,2.4,3.0,3.6,8.8
2011,10,23,22,10,22:04,259,2.4,3.0,3.6,8.8
2011,10,23,22,15,22:04,259,2.4,3.0,3.6,8.8
2011,10,23,22,20,22:19,262,2.1,2.6,3.4,8.7
2011,10,23,22,25,22:19,262,2.1,2.6,3.4,8.7
2011,10,23,22,30,22:19,262,2.1,2.6,3.4,8.7
2011,10,23,22,35,22:19,262,2.1,2.6,3.4,8.7
2011,10,23,22,40,22:19,262,2.1,2.6,3.4,8.7
2011,10,23,22,45,22:19,262,2.1,2.6,3.4,8.7
2011,10,23,22,50,22:49,241,2.1,2.6,3.1,8.8
2011,10,23,22,55,22:49,241,2.1,2.6,3.1,8.8
2011,10,23,23,0,22:49,241,2.1,2.6,3.1,8.8
2011,10,23,23,5,22:49,241,2.1,2.6,3.1,8.8
2011,10,23,23,10,22:49,241,2.1,2.6,3.1,8.8
2011,10,23,23,15,22:49,241,2.1,2.6,3.1,8.8
2011,10,23,23,20,23:19,262,1.2,1.8,2.4,8.1
2011,10,23,23,25,23:19,262,1.2,1.8,2.4,8.1
2011,10,23,23,30,23:19,262,1.2,1.8,2.4,8.1
2011,10,23,23,35,23:19,262,1.2,1.8,2.4,8.1
2011,10,23,23,40,23:19,262,1.2,1.8,2.4,8.1
2011,10,23,23,45,23:19,262,1.2,1.8,2.4,8.1
2011,10,23,23,50,23:49,256,2.1,2.6,3.0,8.0
2011,10,23,23,55,23:49,256,2.1,2.6,3.0,8.0
