2011,10,24,0,0,23:40,Länsi,0,2,3,7.9
2011,10,24,0,5,23:50,Länsi,0,1,2,7.8
2011,10,24,0,10,23:50,Länsi,0,1,2,7.8
2011,10,24,0,15,0:00,Lounais,0,1,1,7.8
2011,10,24,0,20,0:00,Lounais,0,1,1,7.8
2011,10,24,0,25,0:10,Lounais,0,1,2,7.8
2011,10,24,0,30,0:20,Lounais,0,2,3,7.9
2011,10,24,0,35,0:20,Lounais,0,2,3,7.9
2011,10,24,0,40,0:20,Lounais,0,2,3,7.9
2011,10,24,0,45,0:30,Lounais,0,2,2,7.9
2011,10,24,0,50,0:30,Lounais,0,2,2,7.9
2011,10,24,0,55,0:40,Lounais,0,2,3,8.0
2011,10,24,1,0,0:40,Lounais,0,2,3,8.0
2011,10,24,1,5,0:50,Lounais,0,2,3,8.1
2011,10,24,1,10,1:00,Lounais,0,2,2,8.1
2011,10,24,1,15,1:00,Lounais,0,2,2,8.1
2011,10,24,1,20,1:10,Lounais,0,2,3,8.3
2011,10,24,1,25,1:10,Lounais,0,2,3,8.3
2011,10,24,1,30,1:10,Lounais,0,2,3,8.3
2011,10,24,1,35,1:20,Lounais,0,2,4,8.5
2011,10,24,1,40,1:20,Lounais,0,2,4,8.5
2011,10,24,1,45,1:30,Lounais,0,3,3,8.6
2011,10,24,1,50,1:30,Lounais,0,3,3,8.6
2011,10,24,1,55,1:40,Lounais,0,3,4,8.5
2011,10,24,2,0,1:50,Lounais,0,3,3,8.5
2011,10,24,2,5,1:50,Lounais,0,3,3,8.5
2011,10,24,2,10,2:00,Lounais,0,3,5,8.6
2011,10,24,2,15,2:00,Lounais,0,3,5,8.6
2011,10,24,2,20,2:10,Lounais,0,4,6,8.8
2011,10,24,2,25,2:10,Lounais,0,4,6,8.8
2011,10,24,2,30,2:10,Lounais,0,4,6,8.8
2011,10,24,2,35,2:20,Lounais,0,5,6,8.9
2011,10,24,2,40,2:30,Lounais,0,5,5,8.8
2011,10,24,2,45,2:30,Lounais,0,5,5,8.8
2011,10,24,2,50,2:40,Lounais,0,4,5,8.7
2011,10,24,2,55,2:40,Lounais,0,4,5,8.7
2011,10,24,3,0,2:40,Lounais,0,4,5,8.7
2011,10,24,3,5,2:40,Lounais,0,4,5,8.7
2011,10,24,3,10,2:40,Lounais,0,4,5,8.7
2011,10,24,3,15,3:00,Lounais,0,4,5,8.6
2011,10,24,3,20,3:10,Lounais,0,4,5,8.7
2011,10,24,3,25,3:10,Lounais,0,4,5,8.7
2011,10,24,3,30,3:20,Lounais,0,4,5,8.8
2011,10,24,3,35,3:20,Lounais,0,4,5,8.8
2011,10,24,3,40,3:30,Lounais,0,4,5,8.6
2011,10,24,3,45,3:30,Lounais,0,4,5,8.6
2011,10,24,3,50,3:40,Lounais,0,4,5,8.7
2011,10,24,3,55,3:40,Lounais,0,4,5,8.7
2011,10,24,4,0,3:50,Lounais,0,4,5,8.8
2011,10,24,4,5,3:50,Lounais,0,4,5,8.8
2011,10,24,4,10,4:00,Lounais,0,5,6,8.8
2011,10,24,4,15,4:00,Lounais,0,5,6,8.8
2011,10,24,4,20,4:10,Lounais,0,5,6,8.8
2011,10,24,4,25,4:10,Lounais,0,5,6,8.8
2011,10,24,4,30,4:10,Lounais,0,5,6,8.8
2011,10,24,4,35,4:20,Lounais,0,5,6,8.7
2011,10,24,4,40,4:20,Lounais,0,5,6,8.7
2011,10,24,4,45,4:30,Lounais,0,4,6,8.6
2011,10,24,4,50,4:40,Lounais,0,5,6,8.8
2011,10,24,4,55,4:40,Lounais,0,5,6,8.8
2011,10,24,5,0,4:40,Lounais,0,5,6,8.8
2011,10,24,5,5,4:50,Lounais,0,5,5,8.6
2011,10,24,5,10,4:50,Lounais,0,5,5,8.6
2011,10,24,5,15,5:00,Lounais,0,5,6,8.6
2011,10,24,5,20,5:10,Lounais,0,5,6,8.7
2011,10,24,5,25,5:10,Lounais,0,5,6,8.7
2011,10,24,5,30,5:20,Lounais,0,4,5,8.5
2011,10,24,5,35,5:20,Lounais,0,4,5,8.5
2011,10,24,5,40,5:20,Lounais,0,4,5,8.5
2011,10,24,5,45,5:30,Lounais,0,4,5,8.5
2011,10,24,5,50,5:40,Lounais,0,4,4,8.4
2011,10,24,5,55,5:40,Lounais,0,4,4,8.4
2011,10,24,6,0,5:40,Lounais,0,4,4,8.4
2011,10,24,6,5,5:50,Lounais,0,4,5,8.5
2011,10,24,6,10,5:50,Lounais,0,4,5,8.5
2011,10,24,6,15,6:00,Lounais,0,4,5,8.5
2011,10,24,6,20,6:00,Lounais,0,4,5,8.5
2011,10,24,6,25,6:10,Lounais,0,4,5,8.6
2011,10,24,6,30,6:10,Lounais,0,4,5,8.6
2011,10,24,6,35,6:20,Lounais,0,5,5,8.6
2011,10,24,6,40,6:30,Lounais,0,4,5,8.3
2011,10,24,6,45,6:30,Lounais,0,4,5,8.3
2011,10,24,6,55,6:40,Lounais,0,4,5,8.3
2011,10,24,7,0,6:40,Lounais,0,4,5,8.3
2011,10,24,7,5,6:50,Lounais,0,5,6,8.6
2011,10,24,7,10,6:50,Lounais,0,5,6,8.6
2011,10,24,7,15,7:00,Lounais,0,5,6,8.6
2011,10,24,7,20,7:00,Lounais,0,5,6,8.6
2011,10,24,7,25,7:10,Lounais,0,5,6,8.4
2011,10,24,7,30,7:10,Lounais,0,5,6,8.4
2011,10,24,7,35,7:20,Lounais,0,5,6,8.5
2011,10,24,7,40,7:20,Lounais,0,5,6,8.5
2011,10,24,7,45,7:30,Lounais,0,5,6,8.4
2011,10,24,7,50,7:30,Lounais,0,5,6,8.4
2011,10,24,7,55,7:40,Lounais,0,5,6,8.5
2011,10,24,8,0,7:40,Lounais,0,5,6,8.5
2011,10,24,8,5,7:50,Lounais,0,6,6,8.4
2011,10,24,8,10,8:00,Lounais,0,5,6,8.2
2011,10,24,8,15,8:00,Lounais,0,5,6,8.2
2011,10,24,8,20,8:00,Lounais,0,5,6,8.2
2011,10,24,8,25,8:10,Lounais,0,5,5,8.3
2011,10,24,8,30,8:10,Lounais,0,5,5,8.3
2011,10,24,8,35,8:20,Lounais,0,5,5,8.2
2011,10,24,8,40,8:20,Lounais,0,5,5,8.2
2011,10,24,8,45,8:30,Lounais,0,4,5,8.2
2011,10,24,8,50,8:40,Lounais,0,4,5,8.2
2011,10,24,8,55,8:40,Lounais,0,4,5,8.2
2011,10,24,9,0,8:50,Lounais,0,5,6,8.2
2011,10,24,9,5,8:50,Lounais,0,5,6,8.2
2011,10,24,9,10,9:00,Lounais,0,4,5,8.2
2011,10,24,9,15,9:00,Lounais,0,4,5,8.2
2011,10,24,9,20,9:00,Lounais,0,4,5,8.2
2011,10,24,9,25,9:10,Lounais,0,4,5,8.2
2011,10,24,9,30,9:20,Lounais,0,4,5,8.3
2011,10,24,9,35,9:20,Lounais,0,4,5,8.3
2011,10,24,9,40,9:20,Lounais,0,4,5,8.3
2011,10,24,9,45,9:30,Lounais,0,5,5,8.3
2011,10,24,9,50,9:30,Lounais,0,5,5,8.3
2011,10,24,9,55,9:40,Lounais,0,5,5,8.3
2011,10,24,10,0,9:40,Lounais,0,5,5,8.3
2011,10,24,10,5,9:50,Lounais,0,4,5,8.3
2011,10,24,10,10,9:50,Lounais,0,4,5,8.3
2011,10,24,10,15,10:00,Lounais,0,4,5,8.2
2011,10,24,10,20,10:00,Lounais,0,4,5,8.2
2011,10,24,10,25,10:10,Lounais,0,4,5,8.2
2011,10,24,10,30,10:10,Lounais,0,4,5,8.2
2011,10,24,10,40,10:20,Lounais,0,5,5,8.3
2011,10,24,10,45,10:30,Lounais,0,4,5,8.4
2011,10,24,10,50,10:30,Lounais,0,4,5,8.4
2011,10,24,10,55,10:40,Lounais,0,4,5,8.4
2011,10,24,11,0,10:50,Länsi,0,4,5,8.5
2011,10,24,11,5,10:50,Länsi,0,4,5,8.5
2011,10,24,11,10,11:00,Länsi,0,4,5,8.5
2011,10,24,11,15,11:00,Länsi,0,4,5,8.5
2011,10,24,11,20,11:00,Länsi,0,4,5,8.5
2011,10,24,11,25,11:10,Länsi,0,5,5,8.7
2011,10,24,11,30,11:10,Länsi,0,5,5,8.7
2011,10,24,11,35,11:20,Länsi,0,4,5,8.7
2011,10,24,11,40,11:20,Länsi,0,4,5,8.7
2011,10,24,11,45,11:30,Länsi,0,4,5,8.8
2011,10,24,11,50,11:30,Länsi,0,4,5,8.8
2011,10,24,11,55,11:40,Länsi,0,4,5,9.0
2011,10,24,12,0,11:40,Länsi,0,4,5,9.0
2011,10,24,12,5,11:50,Lounais,0,4,5,9.0
2011,10,24,12,10,11:50,Lounais,0,4,5,9.0
2011,10,24,12,15,12:00,Lounais,0,5,6,9.0
2011,10,24,12,20,12:00,Lounais,0,5,6,9.0
2011,10,24,12,25,12:10,Lounais,0,6,7,9.3
2011,10,24,12,30,12:10,Lounais,0,6,7,9.3
2011,10,24,12,35,12:20,Lounais,0,6,7,9.0
2011,10,24,12,40,12:30,Lounais,0,6,6,9.1
2011,10,24,12,45,12:30,Lounais,0,6,6,9.1
2011,10,24,12,50,12:30,Lounais,0,6,6,9.1
2011,10,24,12,55,12:40,Lounais,0,6,7,9.0
2011,10,24,13,0,12:40,Lounais,0,6,7,9.0
2011,10,24,13,5,12:50,Lounais,0,6,7,9.1
2011,10,24,13,10,12:50,Lounais,0,6,7,9.1
2011,10,24,13,15,13:00,Lounais,0,6,7,9.2
2011,10,24,13,20,13:10,Lounais,0,6,6,9.2
2011,10,24,13,25,13:10,Lounais,0,6,6,9.2
2011,10,24,13,30,13:10,Lounais,0,6,6,9.2
2011,10,24,13,35,13:20,Lounais,0,6,6,9.2
2011,10,24,13,40,13:30,Lounais,0,6,7,9.2
2011,10,24,13,45,13:30,Lounais,0,6,7,9.2
2011,10,24,13,50,13:30,Lounais,0,6,7,9.2
2011,10,24,14,0,13:40,Lounais,0,6,6,9.2
2011,10,24,14,5,13:50,Lounais,0,6,6,9.1
2011,10,24,14,10,13:50,Lounais,0,6,6,9.1
2011,10,24,14,15,14:00,Lounais,0,6,6,9.1
2011,10,24,14,20,14:10,Lounais,0,5,6,9.2
2011,10,24,14,25,14:10,Lounais,0,5,6,9.2
2011,10,24,14,35,14:20,Lounais,0,5,6,9.0
2011,10,24,14,40,14:20,Lounais,0,5,6,9.0
2011,10,24,14,45,14:30,Lounais,0,6,7,8.9
2011,10,24,14,50,14:40,Lounais,0,7,7,9.1
2011,10,24,14,55,14:40,Lounais,0,7,7,9.1
2011,10,24,15,0,14:50,Lounais,0,6,7,9.1
2011,10,24,15,5,14:50,Lounais,0,6,7,9.1
2011,10,24,15,10,15:00,Lounais,0,6,7,9.2
2011,10,24,15,15,15:00,Lounais,0,6,7,9.2
2011,10,24,15,20,15:10,Lounais,0,5,6,9.0
2011,10,24,15,25,15:10,Lounais,0,5,6,9.0
2011,10,24,15,30,15:10,Lounais,0,5,6,9.0
2011,10,24,15,35,15:20,Lounais,0,5,6,9.0
2011,10,24,15,40,15:30,Lounais,0,6,7,9.0
2011,10,24,15,45,15:30,Lounais,0,6,7,9.0
2011,10,24,15,50,15:30,Lounais,0,6,7,9.0
2011,10,24,15,55,15:40,Lounais,0,6,7,9.1
2011,10,24,16,0,15:40,Lounais,0,6,7,9.1
2011,10,24,16,5,15:50,Lounais,0,6,7,9.0
2011,10,24,16,10,15:50,Lounais,0,6,7,9.0
2011,10,24,16,15,16:00,Lounais,0,6,7,9.2
2011,10,24,16,20,16:00,Lounais,0,6,7,9.2
2011,10,24,16,25,16:10,Lounais,0,7,8,9.2
2011,10,24,16,30,16:10,Lounais,0,7,8,9.2
2011,10,24,16,35,16:20,Lounais,0,7,8,9.1
2011,10,24,16,40,16:20,Lounais,0,7,8,9.1
2011,10,24,16,45,16:30,Lounais,0,7,9,9.2
2011,10,24,16,50,16:30,Lounais,0,7,9,9.2
2011,10,24,16,55,16:40,Lounais,0,7,8,9.1
2011,10,24,17,0,16:40,Lounais,0,7,8,9.1
2011,10,24,17,5,16:50,Lounais,0,7,8,9.0
2011,10,24,17,10,16:50,Lounais,0,7,8,9.0
2011,10,24,17,15,17:00,Lounais,0,7,8,8.9
2011,10,24,17,20,17:10,Lounais,0,8,8,8.9
2011,10,24,17,25,17:10,Lounais,0,8,8,8.9
2011,10,24,17,30,17:10,Lounais,0,8,8,8.9
2011,10,24,17,35,17:10,Lounais,0,8,8,8.9
2011,10,24,17,40,17:30,Lounais,0,7,8,8.7
2011,10,24,17,45,17:30,Lounais,0,7,8,8.7
2011,10,24,17,50,17:30,Lounais,0,7,8,8.7
2011,10,24,17,55,17:40,Lounais,0,7,8,8.7
2011,10,24,18,0,17:40,Lounais,0,7,8,8.7
2011,10,24,18,5,17:50,Lounais,0,7,7,8.6
2011,10,24,18,10,17:50,Lounais,0,7,7,8.6
2011,10,24,18,15,18:00,Lounais,0,6,7,8.6
2011,10,24,18,20,18:00,Lounais,0,6,7,8.6
2011,10,24,18,25,18:10,Lounais,0,6,7,8.5
2011,10,24,18,30,18:10,Lounais,0,6,7,8.5
2011,10,24,18,35,18:20,Lounais,0,5,6,8.4
2011,10,24,18,40,18:20,Lounais,0,5,6,8.4
2011,10,24,18,45,18:30,Lounais,0,5,6,8.4
2011,10,24,18,50,18:30,Lounais,0,5,6,8.4
2011,10,24,18,55,18:40,Lounais,0,5,5,8.4
2011,10,24,19,0,18:40,Lounais,0,5,5,8.4
2011,10,24,19,5,18:50,Lounais,0,5,5,8.3
2011,10,24,19,10,18:50,Lounais,0,5,5,8.3
2011,10,24,19,15,19:00,Lounais,0,5,5,8.3
2011,10,24,19,20,19:00,Lounais,0,5,5,8.3
2011,10,24,19,25,19:10,Lounais,0,4,5,8.3
2011,10,24,19,30,19:10,Lounais,0,4,5,8.3
2011,10,24,19,35,19:20,Lounais,0,4,5,8.3
2011,10,24,19,40,19:20,Lounais,0,4,5,8.3
2011,10,24,19,45,19:30,Lounais,0,4,4,8.2
2011,10,24,19,50,19:30,Lounais,0,4,4,8.2
2011,10,24,19,55,19:40,Lounais,0,4,4,8.3
2011,10,24,20,0,19:40,Lounais,0,4,4,8.3
2011,10,24,20,5,19:50,Lounais,0,4,5,8.1
2011,10,24,20,10,20:00,Lounais,0,4,4,8.2
2011,10,24,20,15,20:00,Lounais,0,4,4,8.2
2011,10,24,20,20,20:00,Lounais,0,4,4,8.2
2011,10,24,20,25,20:10,Lounais,0,3,4,8.1
2011,10,24,20,30,20:10,Lounais,0,3,4,8.1
2011,10,24,20,35,20:20,Lounais,0,3,4,8.1
2011,10,24,20,40,20:20,Lounais,0,3,4,8.1
2011,10,24,20,45,20:30,Lounais,0,4,5,8.0
2011,10,24,20,50,20:40,Lounais,0,5,5,8.2
2011,10,24,20,55,20:40,Lounais,0,5,5,8.2
2011,10,24,21,0,20:50,Lounais,0,4,5,8.1
2011,10,24,21,5,20:50,Lounais,0,4,5,8.1
2011,10,24,21,10,20:50,Lounais,0,4,5,8.1
2011,10,24,21,15,21:00,Lounais,0,4,5,8.0
2011,10,24,21,20,21:10,Lounais,0,4,4,8.0
2011,10,24,21,25,21:10,Lounais,0,4,4,8.0
2011,10,24,21,30,21:10,Lounais,0,4,4,8.0
2011,10,24,21,35,21:20,Lounais,0,4,4,8.0
2011,10,24,21,40,21:20,Lounais,0,4,4,8.0
2011,10,24,21,45,21:30,Lounais,0,3,4,7.9
2011,10,24,21,50,21:40,Lounais,0,3,4,7.9
2011,10,24,21,55,21:40,Lounais,0,3,4,7.9
2011,10,24,22,0,21:50,Lounais,0,3,4,7.8
2011,10,24,22,5,21:50,Lounais,0,3,4,7.8
2011,10,24,22,10,21:50,Lounais,0,3,4,7.8
2011,10,24,22,15,22:00,Länsi,0,3,3,7.8
2011,10,24,22,20,22:00,Länsi,0,3,3,7.8
2011,10,24,22,25,22:10,Länsi,0,3,3,7.8
2011,10,24,22,30,22:20,Länsi,0,3,3,7.8
2011,10,24,22,35,22:20,Länsi,0,3,3,7.8
2011,10,24,22,40,22:30,Länsi,0,3,3,7.8
2011,10,24,22,45,22:30,Länsi,0,3,3,7.8
2011,10,24,22,50,22:30,Länsi,0,3,3,7.8
2011,10,24,22,55,22:40,Länsi,0,3,3,7.7
2011,10,24,23,0,22:40,Länsi,0,3,3,7.7
2011,10,24,23,5,22:50,Länsi,0,2,3,7.7
2011,10,24,23,10,23:00,Länsi,0,2,3,7.7
2011,10,24,23,15,23:00,Länsi,0,2,3,7.7
2011,10,24,23,20,23:10,Lounais,0,2,3,7.7
2011,10,24,23,25,23:10,Lounais,0,2,3,7.7
2011,10,24,23,30,23:10,Lounais,0,2,3,7.7
2011,10,24,23,35,23:20,Lounais,0,3,3,7.7
2011,10,24,23,40,23:20,Lounais,0,3,3,7.7
2011,10,24,23,45,23:30,Länsi,0,2,3,7.7
2011,10,24,23,50,23:40,Lounais,0,2,3,7.6
2011,10,24,23,55,23:40,Lounais,0,2,3,7.6

